6.936725635528564737e+01
5.071609992980957315e+01
5.375013217926025533e+01
5.303294429779052876e+01
4.847163887023926065e+01
4.158873901367187642e+01
3.985688171386718892e+01
4.096346855163574219e+01
3.967788276672363423e+01
3.918646926879883097e+01
4.160182189941406250e+01
4.028507537841797159e+01
4.195229721069335938e+01
3.999108543395995952e+01
4.310254669189453125e+01
4.288216094970702841e+01
4.486361007690429403e+01
4.052884788513183878e+01
4.415564727783203125e+01
4.540379257202148722e+01
