7.530816459640318206e-01
4.841706150653847796e-01
5.082715592219431144e-01
4.975497700860487815e-01
4.472490639454291816e-01
4.228458791410759088e-01
4.500525400611737892e-01
4.259578188989187053e-01
4.549419042216968911e-01
4.666004105582491346e-01
6.107616304303631338e-01
5.412892991903004436e-01
6.316508575536893266e-01
5.313097853043089458e-01
6.998489593424641608e-01
6.929254427172508723e-01
7.768685007025506462e-01
5.756378663109030791e-01
7.596438745820515148e-01
8.051941100719466338e-01
