8.902655540107249976e+01
7.388419848348260643e+01
7.644501592299182846e+01
7.575976080790795208e+01
7.173133863073842065e+01
6.371460484023031512e+01
5.980726115337236592e+01
6.202118341472568375e+01
5.888387414471919357e+01
5.773178360784156382e+01
5.399790300434990087e+01
5.513870993187260439e+01
5.358922082818904187e+01
5.517583225751299381e+01
5.315581896643599435e+01
5.301453235677417553e+01
5.349853499251949529e+01
5.370585333834368669e+01
5.314712300935017453e+01
5.366986434725956201e+01
