8.190309657152283762e+00
8.868962453334461316e+00
8.644780162825327352e+00
8.606795685039969612e+00
8.740400652129665104e+00
9.093804269610927804e+00
9.267110776534082106e+00
9.032827161803425042e+00
9.190447300966297917e+00
9.216146636958910676e+00
9.605440105531215522e+00
9.335918846886670508e+00
9.543408339141024044e+00
9.214666363277501659e+00
9.630641137903239724e+00
9.545442303249274119e+00
9.700068055451538385e+00
9.147527570974034461e+00
9.568586207819862466e+00
9.615605840451735276e+00
