8.366317047148186248e+02
8.246430581948516192e+02
8.237203269345627632e+02
8.226871517535983003e+02
8.204134161360343569e+02
8.184089125506943674e+02
8.161157700214971555e+02
8.145891678168482031e+02
8.116791053680572077e+02
8.105603058083943324e+02
8.079516697989674867e+02
8.065726521522265102e+02
8.029117722685441549e+02
8.012181007188701187e+02
7.993477825607442355e+02
7.990650937017562683e+02
7.973743578304492985e+02
7.964312112562765833e+02
7.958669309005017567e+02
7.954046677127735165e+02
