4.743697569865659713e-01
5.320605132351674538e-01
5.547773551143239112e-01
5.368413122620829814e-01
4.374655678913056955e-01
4.411124372864549947e-01
4.266404701128391208e-01
4.542569890882662276e-01
4.306805232093663949e-01
4.295499833530175837e-01
4.376317413283928870e-01
4.301183002230235530e-01
4.436517889448933216e-01
4.380418474012207075e-01
4.567397172742481137e-01
4.320907028895219493e-01
4.492545471371293675e-01
4.615078639502815383e-01
4.615027851497924827e-01
4.545153315717190279e-01
