2.080200363159179631e+02
3.296393821716308707e+02
3.487932464599609261e+02
3.365641685485840071e+02
2.600049041748046648e+02
2.665617202758788835e+02
2.478776000976562557e+02
2.816383697509765511e+02
2.427798980712890682e+02
2.573433578491211051e+02
2.436126846313476619e+02
2.600170272827148210e+02
2.456796936035156307e+02
2.491213546752929631e+02
2.438946914672851562e+02
2.537339324951171875e+02
2.492898803710937443e+02
2.458613647460937557e+02
2.470466140747070369e+02
2.501061706542968750e+02
