2.951987824482869769e+02
4.396423420688189481e+02
4.611191357902309278e+02
4.496996512653886384e+02
3.767286472863643780e+02
3.854072999615752906e+02
3.644787716336106200e+02
4.028715849400442721e+02
3.534814928617397527e+02
3.782789768928448098e+02
3.524243836368466418e+02
3.826747949808539033e+02
3.535290229172002228e+02
3.609726332157573552e+02
3.475522548987450477e+02
3.713240644446207170e+02
3.580695311176080509e+02
3.497124513594364998e+02
3.518312899684670469e+02
3.587152071305197865e+02
